30,
31,
32,
33,
34,
35,
36,
37,
90,
91,
92,
93,
94,
95,
96,
37,
30,
34,
34,
34,
34,
34,
32,
32,
34,
34,
34,
34,
32,
32,
32,
34,
94,
94,
92,
92,
92,
94,
94,
94,
92,
92,
92,
92,
96,
96,
92,
92,
92,
92,
92,
96,
31,
35,
35,
35,
35,
34,
33,
90,
90,
90,
34,
34,
32,
90,
90,
90,
94,
94,
32,
32,
92,
96,
96,
94,
92,
92,
92,
96,
96,
96,
92,
92,
92,
92,
92,
96,
31,
35,
35,
35,
35,
35,
33,
90,
90,
90,
90,
35,
33,
90,
90,
90,
90,
34,
32,
90,
90,
90,
90,
94,
32,
32,
92,
92,
96,
96,
92,
92,
92,
92,
92,
96,
31,
35,
35,
35,
35,
35,
31,
91,
35,
35,
35,
35,
33,
33,
90,
90,
95,
95,
33,
93,
37,
37,
37,
37,
93,
93,
93,
37,
37,
37,
92,
92,
92,
37,
37,
37,
31,
31,
35,
35,
35,
35,
31,
91,
91,
91,
95,
95,
91,
91,
91,
95,
95,
95,
33,
91,
91,
37,
37,
37,
33,
93,
93,
37,
37,
37,
92,
92,
92,
37,
37,
37,
91,
91,
91,
95,
95,
95,
31,
91,
91,
91,
95,
95,
91,
91,
91,
95,
95,
95,
91,
91,
91,
91,
95,
95,
91,
91,
93,
93,
37,
37,
93,
93,
93,
93,
37,
37,
30,
30,
30,
30,
30,
90,
90,
90,
90,
90,
90,
90,
90,
90,
90,
90,
37,
37,
37,
37,
37,
37,
37,
37,
